2017-03-09 1.0 6.89747202609 2.62616321675 1.68118956491 0.219377188854 
2017-03-10 1.0 6.96616398445 2.71531990323 1.66431605066 0.133316788123 
2017-03-13 1.0 6.88727361371 2.69074863431 1.7359796179 0.117790980315 
2017-03-16 1.0 10.2088482413 3.13974495131 1.77435212421 0.88013154035 
2017-03-17 1.0 7.31197858097 2.66680392216 1.7200787104 0.123397712839 
2017-03-20 1.0 7.45507163787 2.75812603892 1.78434967063 0.174311752799 
2017-03-22 1.0 7.16133772428 2.68454586047 1.70346052131 0.118740020009 
2017-03-27 1.0 7.36158529563 2.61831113279 1.65012298037 0.122189720183 
2017-03-29 1.0 7.53511849229 2.68839263294 1.64528941554 0.121977237188 
2017-03-31 1.0 5.3783420958 1.94941266388 1.06453208581 0.0782254253062 
2017-04-03 1.0 7.45489902852 2.64061258788 1.60444454213 0.127510062923 
2017-04-07 1.0 7.17845883107 2.63351881972 1.6127702749 0.127968173192 
2017-04-13 1.0 6.8981434471 2.7543306934 1.6550760602 0.134717763249 
2017-04-17 1.0 7.38987891933 2.82159235284 1.76663351101 0.150510783588 
2017-04-21 1.0 6.64683471724 2.76724137868 1.7193976987 0.161386540859 
2017-04-24 1.0 7.02392444902 2.87062621305 1.77856444757 0.149115027498 
2017-04-29 1.0 6.89451575039 2.83219952537 1.76885212327 0.16537674183 
2017-05-02 1.0 6.82934464826 2.78221408898 1.76125108228 0.17100596155 
2017-05-05 1.0 6.9363145605 2.84628043881 1.77309542742 0.13424573151 
2017-05-08 1.0 7.12505365278 2.86081608774 1.78250638959 0.172653610539 
2017-05-12 1.0 7.06599315835 2.79506374726 1.70932957232 0.159366485935 
2017-05-15 1.0 6.73818079305 2.73652855917 1.63034404993 0.15197262295 
2017-05-18 1.0 7.05037712378 2.73589132504 1.61175492827 0.140608710516 
2017-05-20 1.0 7.1602393429 2.77535579918 1.58846366496 0.151444288783 
2017-05-22 1.0 6.96581374958 2.69122281142 1.55919439841 0.116096326583 
2017-05-24 1.0 6.93155054476 2.61115611555 1.51501167471 0.123834213848 
2017-05-27 1.0 7.04121616425 2.72640658309 1.56627660497 0.13266157186 
2017-05-30 1.0 6.94882018384 2.70106131541 1.56314550764 0.169731002777 
2017-06-02 1.0 7.00124615446 2.63706889884 1.8359668382 0.109175736702 
2017-06-05 1.0 6.7482262494 2.74468645859 1.60463251711 0.150628827615 
2017-06-10 1.0 5.77491946594 2.71937145912 1.54174417283 0.166195973176 
2017-06-13 1.0 6.40384497395 2.84166346285 1.6230863115 0.167980709815 
2017-06-16 1.0 6.06709049459 2.76166281614 1.54360697037 0.156024807745 
2017-06-19 1.0 6.23466640965 2.86895147183 1.57948701565 0.143017449975 
2017-06-24 1.0 6.34274474137 2.87990074356 1.58130407703 0.184515353731 
2017-06-27 1.0 6.38446713438 2.94597735014 1.6785493854 0.207291096433 
2017-07-01 1.0 5.27652475683 2.94055198744 1.66342758697 0.204882577644 
2017-07-04 1.0 5.78175316201 3.04826210801 1.80386348642 0.231319614191 
2017-07-08 1.0 4.1670371123 3.09006782412 1.89989710694 0.245019831114 
2017-07-11 1.0 4.4729539858 3.12278406873 1.89369679815 0.253723625435 
2017-07-18 1.0 4.44692402026 3.52660011993 2.04283448479 0.341540352099 
2017-07-22 1.0 3.54755825002 3.66326901926 2.26346646001 0.488850944898 
2017-07-25 1.0 2.75078010951 3.6011933724 2.36156646463 0.588838078281 
2017-07-29 1.0 2.84882421689 3.69276296008 2.61400026474 0.606620034811 
2017-08-01 1.0 2.60301071353 3.64178651202 2.58406687715 0.554772533031 
2017-08-05 1.0 2.77051716251 3.63708409452 2.55836477845 0.496140455368 
2017-08-15 1.0 3.3068939034 3.53944864299 2.55965190698 0.420419336716 
2017-08-18 1.0 2.81704552428 2.90911472903 2.00959964975 0.407457169576 
2017-08-21 1.0 3.80750287828 3.51680284556 2.53285698811 0.357498671548 
2017-08-25 1.0 3.95748375616 3.26659593989 2.3467412485 0.307293028493 
2017-08-28 1.0 4.26931246301 3.22479181018 2.33185374654 0.266738222804 
2017-08-29 1.0 4.56982783032 3.28849612411 2.43439258485 0.314811660443 
2017-09-04 1.0 4.67254389419 2.90258182102 2.0284422159 0.241990368916 
2017-09-07 1.0 5.07740875302 3.11952115957 2.12982634649 0.231999944394 
2017-09-13 1.0 4.60769058375 3.16505860888 2.16710131089 0.277262876661 
2017-09-16 1.0 4.47546378472 3.25430742045 2.24655941799 0.307735038227 
2017-09-18 1.0 4.42792524665 3.44165136435 2.31315719854 0.322262615615 
2017-09-21 1.0 4.08740674403 3.37610284367 2.3351654522 0.366935183924 
2017-09-25 1.0 3.70419092015 3.42937458347 2.44045398301 0.376235188821 
2017-09-28 1.0 3.4493297875 3.46760301738 2.45370917904 0.397978452161 
2017-10-01 1.0 3.25680929505 3.44396076969 2.49181122023 0.404797069032 
2017-10-04 1.0 3.20244412367 3.53087119912 2.5232035004 0.404333645581 
2017-10-07 1.0 3.27293023789 3.48911768357 2.36763038115 0.30956206245 
2017-10-09 1.0 3.58008881911 3.44608522273 2.455476516 0.386505088522 
2017-10-13 1.0 3.08338272406 3.42856247579 2.38708997083 0.3248710136 
2017-10-15 1.0 3.48525705145 3.54495751163 2.45024253707 0.341121107247 
2017-10-18 1.0 6.26867546939 5.17514212364 4.03423214442 1.8306501349 
2017-10-21 1.0 3.37720223323 3.49036612638 2.42298970644 0.362248152622 
2017-10-24 1.0 3.47156117034 3.3754700032 2.42910936255 0.341565959982 
2017-10-28 1.0 3.58679339992 3.32213853669 2.3468366182 0.295458080027 
2017-10-31 1.0 3.84135553255 3.4519287461 2.35050473796 0.307580221352 
2017-11-05 1.0 3.76047398418 3.507682815 2.38189713629 0.342564893779 
2017-11-07 1.0 3.55719032209 3.49666370149 2.37117727352 0.345374934221 
2017-11-10 1.0 3.41848601554 3.45140539569 2.45038855946 0.374319501616 
2017-11-13 1.0 3.36466556758 3.42302362614 2.46648093512 0.347346948107 
2017-11-17 1.0 3.5986132763 3.27140206924 2.37012493486 0.287609388951 
2017-11-20 1.0 3.39276808296 2.9000696888 3.12654734931 0.205663883044 
2017-12-01 1.0 4.53888682529 2.97784523618 2.09280250232 0.216527477871 
2017-12-05 1.0 4.67616496915 2.95041764571 2.0155699104 0.210110207536 
2017-12-09 1.0 4.64128821313 2.94171307006 2.01718322039 0.215561714716 
2017-12-12 1.0 4.36339396585 2.970815658 1.99978447121 0.231146955406 
2017-12-16 1.0 4.06051703128 2.99396752326 2.08933231848 0.236688067129 
2017-12-19 1.0 3.85164956338 3.061893663 2.152557422 0.266865754322 
2018-01-05 1.0 3.35574300987 3.07493708896 2.25143046002 0.278468310038 
2018-01-06 1.0 3.38651900198 3.05854674605 2.25857373162 0.272140514758 
2018-01-10 1.0 3.56791041904 3.0267587639 2.26652982105 0.244974528571 
2018-01-14 1.0 3.58521040273 2.94746099093 2.16405138779 0.234528284484 
2018-01-18 1.0 3.90653107815 2.95067143242 2.11706922916 0.216987900515 
2018-01-21 1.0 2.84642519985 2.91300123743 2.05898431248 0.221531648897 
2018-01-25 1.0 3.94783546699 2.9167540017 2.10500883353 0.225185496626 
2018-01-28 1.0 3.43331461909 2.93374007034 2.03256720458 0.236870969267 
2018-01-31 1.0 3.81339642584 2.93451959748 2.10927918145 0.237852413278 
2018-02-03 1.0 3.67926357517 2.87580915386 2.12980666483 0.231935905203 
2018-02-07 1.0 3.68597245287 2.82823423709 2.10702073607 0.232169379756 
2018-02-11 1.0 3.83176900085 2.79412830425 2.0968369442 0.204541670815 
2018-02-18 1.0 3.80607164188 2.70847293622 2.01431501978 0.197153729652 
2018-02-21 1.0 3.94579988812 2.60285125912 1.97530907707 0.139894711503 
2018-02-25 1.0 4.20411948052 2.5180758302 1.93919136906 0.162974574248 
