2017-03-1708:49:40 106.673039006 779.990976379 183.486023368 284.47607881 13.1632090349
2017-03-2011:02:50 123.646405185 921.792808419 220.628422366 341.032369759 21.5530216151
2017-03-2209:29:40 109.824751935 786.492139092 187.082129184 294.829583184 13.0405932422
2017-03-2709:25:40 115.431184152 849.756507911 190.475649621 302.234754536 14.1045040919
2017-03-2908:55:40 110.795726026 834.858924045 182.291035318 297.862413609 13.5145565529
2017-04-0308:31:40 123.2415845 918.753568562 197.734287615 325.433279381 15.7145421943
2017-04-0709:16:40 127.276596778 913.64981013 205.267911974 335.185312925 16.2873535798
2017-04-1309:13:40 122.35710151 844.036837987 202.510309505 337.011920244 16.4836750331
2017-04-1710:08:40 113.687771077 840.138862868 200.844626177 320.780545482 17.1112355092
2017-04-2109:18:50 138.993848211 923.869135772 238.985702747 384.629528151 22.4317363634
2017-04-2410:04:50 119.503506643 839.383602053 212.544688275 343.049898721 17.8197686792
2017-04-2909:49:50 107.087259375 738.314796427 189.421526121 303.292485175 17.7097420469
2017-05-0209:02:50 118.336951942 808.163829437 208.421084682 329.23873494 20.2363242537
2017-05-0509:44:50 116.063348993 805.051897561 205.79139339 330.348839901 15.5810091871
2017-05-0809:59:50 116.571710365 830.579690747 207.789818571 333.490224387 20.1265266812
2017-05-1208:46:50 111.448013971 787.490904231 190.501386057 311.504303554 17.761078351
2017-05-1508:49:50 118.56742346 798.92873544 193.305693354 324.463140486 18.0190023396
2017-05-1808:47:50 119.853747499 845.014119566 193.174868203 327.906828056 16.8524808863
2017-05-2010:09:50 114.665221307 821.030428865 182.141537681 318.236786919 17.365392889
2017-05-2208:51:50 117.098791281 815.688370364 182.579779426 315.138938285 13.594739515
2017-05-2409:20:50 126.265986161 875.219065159 191.294443153 329.70020195 15.636049132
2017-05-2709:20:50 120.570395256 848.962216007 188.846589342 328.723919352 15.9950581544
2017-05-3008:50:50 112.997426134 785.198795442 176.631419036 305.212976471 19.1791664489
2017-06-0519:01:50 125.137909677 844.458926877 200.800358991 343.464326147 18.8493766248
2017-06-1018:32:50 127.122745258 734.123616154 195.990751736 345.69396526 21.1272883609
2017-06-1318:28:50 119.206221534 763.378162634 193.481986418 338.743964277 20.0243457076
2017-06-1618:16:50 123.327564101 748.239491878 190.369287585 340.589147983 19.2421594785
2017-06-1918:16:50 122.399796368 763.121898963 193.328889081 351.159075942 17.505306754
2017-06-2418:16:50 122.277356904 775.574062492 193.357683001 352.146651068 22.5620497624
2017-06-2718:09:50 123.322517053 787.348557054 207.002935205 363.305342 25.5636597748
2017-07-0120:40:50 107.985781031 569.789646996 179.626527167 317.537803026 22.1244051665
2017-07-0420:40:50 123.562109959 714.40561996 222.88917846 376.649697774 28.5823396044
2017-07-0817:49:50 114.626196878 477.651616432 217.777979828 354.202722774 28.0856914003
2017-07-1117:39:50 121.290518895 542.526909931 229.687467277 378.764100093 30.7742701849
2017-07-1817:39:50 128.45823036 571.243990188 262.418902834 453.020810594 43.8736692272
2017-07-2217:29:50 130.3193483 462.315479199 294.973473968 477.394831237 63.7067365549
2017-07-2517:19:50 132.084969092 363.336705743 311.92743349 475.663515288 77.7766593699
2017-07-2917:19:50 125.308243836 356.981159616 327.555782562 462.73364143 76.0144912379
2017-08-0116:19:50 120.925671179 314.77081762 312.480021491 440.385478257 67.0862409085
2017-08-1511:57:50 124.724185445 412.449648454 319.250499121 441.454848921 52.4364593172
2017-08-1813:19:50 120.112874579 338.363435741 241.378790684 349.422132584 48.9408519056
2017-08-2113:49:50 108.28308841 412.28817079 274.265577173 380.810273446 38.7110602577
2017-08-2513:49:50 117.407612736 464.638720252 275.525287696 383.523231076 36.0785408858
2017-08-2813:49:50 116.065912326 495.521646024 270.648732503 374.28840351 30.959215182
2017-08-2913:49:50 112.49852345 514.098883332 273.865571293 369.950958333 35.4158469647
2017-09-0413:54:50 150.836326726 704.789357466 305.962772822 437.814779905 36.5009383504
2017-09-0713:49:50 126.762422688 643.62463451 269.981947586 395.438059813 29.4088750149
2017-09-1313:19:50 137.786388571 634.877045188 298.597063295 436.101995333 38.2030504599
2017-09-1616:00:50 126.255496331 565.051901451 283.640474356 410.874198583 38.8532399898
2017-09-1812:49:50 125.043117346 553.681576216 289.244387017 430.354815416 40.2967220606
2017-09-2112:49:50 125.654825539 513.602381328 293.424807501 424.223613823 46.1071765201
2017-09-2512:49:50 122.341978434 453.178045668 298.569968559 419.556471333 46.0293573569
2017-09-2812:49:50 105.127188543 362.618342918 257.951547495 364.5393562 41.8383557764
2017-10-0411:19:50 107.024988578 342.741545757 270.04582581 377.891449756 43.2738038
2017-10-0711:19:50 103.480900047 338.685766808 245.00452282 361.057038266 32.0337608427
2017-10-0911:19:50 105.195428392 376.608977008 258.304904007 362.51241128 40.6585683628
2017-10-1311:09:50 129.114452048 398.109270871 308.207813573 442.676965374 41.9455429073
2017-10-1511:04:50 116.375428385 405.598282394 285.148024899 412.545949023 39.698114987
2017-10-2111:15:50 105.371056938 355.859368809 255.312986318 367.783567837 38.1704707156
2017-10-2410:49:50 108.682549631 377.298119192 264.001798854 366.854686151 37.122259398
2017-11-0510:44:50 119.223146284 448.335539913 283.977270713 418.196981371 40.8416644428
2017-11-0709:11:50 107.553097823 382.586838687 255.027461255 376.07701314 37.1461440859
2017-11-1017:49:50 133.794779224 457.37558173 327.849196326 461.780022929 50.081995078
2017-11-1308:19:50 107.464764541 361.582992979 265.059792937 367.854428001 37.3275579923
2017-11-1717:49:50 135.225530426 486.624389086 320.501401492 442.37708005 38.8921321764
2017-12-0117:49:50 103.496107761 469.757119985 216.596913303 308.195391459 22.409751183
2017-12-0517:49:50 130.445834805 609.986243087 262.92269957 384.869692818 27.4080014231
2017-12-0917:49:50 145.984849782 677.557762589 294.478189412 429.445540635 31.4687445416
2017-12-1917:49:50 143.507033048 552.738801182 308.907129096 439.403275085 38.2971126248
2018-01-0519:52:50 120.383669213 403.976656464 271.035459755 370.172209368 33.5230369219
2018-01-0617:24:50 122.025881708 413.242967137 275.604451004 373.221863432 33.2081862618
2018-01-1015:19:50 124.28150123 443.425263132 281.687728743 376.170123038 30.4458021739
2018-01-1416:30:50 126.736697549 454.37772646 274.264726215 373.551472145 29.7233402573
2018-01-1816:56:50 126.870984199 495.625442689 268.594656721 374.354588679 27.5294684976
2018-01-2115:34:50 115.596408522 329.036530229 238.011191726 336.732481067 25.6082629864
2018-01-2514:58:50 141.302023522 557.837140017 297.44200771 412.143242556 31.819166341
2018-01-2814:58:50 122.85297338 421.792909504 249.706924677 360.418690765 29.1003028819
2018-01-3114:24:50 112.304588543 428.261916555 236.881730595 329.560015966 26.7119174071
2018-02-0313:19:50 126.495225259 465.409274728 269.410373826 363.776126719 29.3387845743
2018-02-0713:04:50 119.496146295 440.459503468 251.780858124 337.963092152 27.7433461686
2018-02-1113:18:50 111.769591768 428.275256974 234.362609257 312.298579913 22.8615390465
2018-02-1812:58:50 113.476286502 431.898876081 228.57698829 307.347450893 22.3722731109
2018-03-1111:34:50 134.971475529 551.329648276 248.501947613 329.226107915 20.8412325707
2018-03-1511:54:51 140.293875913 599.943830869 247.387531155 338.805191397 19.7839984339
2018-03-1810:39:50 141.433076566 628.920897677 244.676184452 335.762899318 20.9620269889
2018-03-2110:19:50 137.700696009 625.745809465 244.255917835 331.388233594 20.4204862398
2018-03-2510:21:00 147.158713327 636.705160565 263.19090076 365.568039532 24.8360297751
2018-03-2909:35:00 121.927946289 501.190634464 230.910347349 305.626008387 23.1881377543
2018-04-0221:39:00 100.131025939 407.623296093 190.048942127 253.130299646 18.0027087729
2018-04-0310:39:00 135.506376013 546.615173545 260.711604207 341.668288388 23.9291971884
2018-04-0321:39:00 135.042235464 538.035027757 259.458524425 339.657945489 25.290474394
2018-04-0410:39:00 134.353271732 551.360984236 258.761015084 342.223444144 23.423566394
2018-04-0421:39:00 136.779049693 567.26386047 264.560435901 349.731123538 24.2812224113
2018-04-0509:21:00 143.740082334 591.360232025 277.212327652 367.222274494 25.62107409
2018-04-0521:39:00 133.145903645 550.911663174 256.856674117 341.063240922 24.4745177313
2018-04-0621:39:00 137.147345631 550.575859859 263.465900827 347.632267889 24.6114248777
2018-04-0710:39:00 142.776238266 576.328812543 272.930049266 363.321123277 25.8406876082
2018-04-0721:39:00 133.271892697 546.039339847 256.429066049 339.731234121 24.6448960273
2018-04-0809:21:00 140.354477398 578.358398714 271.09183103 360.103118761 25.7466422159
2018-04-0821:39:00 134.760029605 551.295778354 259.633145227 340.37398646 24.5947874147
2018-04-0910:39:00 142.951866927 582.961273594 275.064614156 362.013582589 25.9871866726
2018-04-0921:39:00 136.322703427 557.122003754 263.023422337 346.046506525 24.4710611878
2018-04-1209:30:00 143.471759232 589.951690933 276.614273584 364.041926855 25.4266888797
2018-04-1221:39:00 138.556819966 573.830134253 266.996791868 351.935209556 25.3212915321
2018-04-1310:39:00 142.315196506 585.088747758 273.938080564 359.181520594 25.4005173832
2018-04-1321:39:00 133.421896428 550.779578767 259.672287484 341.621950522 23.7611886342
2018-04-1410:39:00 142.351670849 580.569438388 271.89158987 359.097125444 24.668777105
2018-04-1421:39:00 137.571748229 556.303589551 264.530287613 348.228192663 24.7410578646
2018-04-1509:30:00 143.22669648 545.574436576 275.86260705 363.774305934 25.5236167398
2018-04-1520:39:00 134.978810784 489.800491141 258.949320639 341.659035674 24.3409944376
2018-04-1610:09:00 142.919290158 544.344363171 272.708477305 363.702472978 25.3010458092
2018-04-1620:39:00 124.993510653 490.055182891 235.673034996 312.030193064 22.974456527
2018-04-1719:39:00 134.626560865 527.541501658 258.232768034 338.115701331 23.372109856
2018-04-1709:30:00 142.928095786 565.431560658 273.746610667 352.657318045 25.0838393812
2018-04-1810:14:00 143.516094774 560.381816436 272.600721478 359.685818109 25.6504139651
2018-04-1820:39:00 135.721530429 540.977118506 259.732773548 345.021108184 24.5533137838
2018-04-1920:39:00 136.864107082 500.935805913 263.587039305 356.585747452 24.7559213857
2018-04-2010:09:00 143.786011188 543.759443521 271.357894274 374.561036291 26.1107306537
2018-04-2020:39:00 138.068686761 511.445438853 258.98646682 361.82201104 25.2137862042
2018-04-2109:30:00 147.114317837 551.783846249 275.044116031 381.205772704 27.2139608069
2018-04-2120:39:00 140.95213721 550.822955694 264.750092372 367.577902521 26.8514342252
2018-04-2210:09:00 146.607673055 575.685763245 277.068474183 381.205914109 29.0478261303
2018-04-2220:39:00 140.356487993 543.946969996 268.087401608 364.623112271 28.042322676
2018-04-2310:09:00 145.435981175 532.678122689 279.656332978 379.372009081 30.0681709819
2018-04-2320:39:00 135.569045694 513.201122767 261.843139978 354.89545353 28.3921404609
2018-04-2409:30:00 147.055169886 567.117703612 284.475601628 386.425047917 31.611350364
2018-04-2419:09:00 141.547922578 537.171549128 277.299164885 374.627809983 30.7566048971
2018-04-2510:09:00 144.227878948 509.69396766 286.602564078 384.845280622 32.4252382045
2018-04-2519:09:00 138.249416198 418.435671166 275.625605508 371.045255504 30.1700510506
2018-04-2619:09:00 142.101948548 456.003432784 278.682095358 378.116695818 31.952738819
2018-04-2710:09:00 144.280144744 473.450916718 284.53305885 384.586243809 32.5881588108
2018-04-2719:09:00 139.999114063 454.951874296 273.925169081 368.395540349 31.8357783691
2018-04-2809:00:00 149.062348892 476.122395091 288.725217331 387.759984273 33.6132692199
2018-04-2819:09:00 138.571755228 467.018894337 273.975497908 363.679867537 32.435277363
2018-04-2910:09:00 133.822109944 471.94999642 267.7900718 355.607235003 31.4748887396
2018-04-2919:09:00 136.337785874 477.65250626 277.174041478 364.371214597 32.9705626013
2018-04-3010:09:00 141.925802109 417.564531688 290.18606652 383.519289565 33.7074140016
2018-04-3019:09:00 135.363631012 407.831395236 275.139407302 362.886416665 32.1816238967
2018-05-0110:09:00 141.760410208 474.201525747 286.096376243 381.549796628 33.5028750751
2018-05-0119:09:00 135.927502241 451.718225422 276.051320184 367.137753476 32.9690518901
2018-05-0209:00:00 143.662253604 458.520023302 290.494558712 382.748569386 34.0281071809
2018-05-0219:09:00 136.334696781 431.116647664 275.231684211 362.201501009 33.1413017055
2018-05-0310:09:00 138.925756933 444.347937054 282.718283784 374.435710246 32.8267195977
2018-05-0319:09:00 135.256206632 440.780840147 275.833068928 366.74541675 32.0762902248
2018-05-0419:09:00 145.217016139 427.926599123 303.236174785 397.103898884 37.5783662001
2018-05-0609:00:00 139.97082025 446.254405191 289.879649991 386.595968671 32.6565833323
2018-05-0619:09:00 140.392829527 445.031236597 283.67731289 379.837827124 33.0800646914
2018-05-0713:24:00 143.928944844 468.614055663 293.991283694 392.437713044 35.399913537
2018-05-0719:09:00 138.191082724 444.943706902 285.393382477 377.157979144 31.7300522392
2018-05-0819:09:00 130.121896802 432.648045987 273.276292695 365.874372255 31.401711612
2018-05-0909:39:00 140.970260487 461.678333698 295.377266115 392.228569473 35.0028058747
2018-05-0918:09:00 129.93749318 426.159306053 273.018385934 365.925057513 32.2023691433
2018-05-1009:39:00 138.247568362 459.015330061 293.73117905 393.734532193 34.3504755424
2018-05-1018:09:00 106.944832273 349.867018346 225.295739708 295.624612467 27.1641054246
2018-05-1109:39:00 141.600867343 438.02693381 295.534778581 398.849579625 35.6894323284
2018-05-1118:09:00 124.28891532 402.591900924 263.361880322 359.716295954 31.6246188236
2018-05-1218:09:00 113.847382822 376.306413655 240.728162941 324.917565696 29.655495962
2018-05-1309:00:00 132.278792254 405.645210487 278.675085113 371.269290141 34.5589014151
2018-05-1318:09:00 124.279553375 389.333915239 264.582769527 355.062335205 33.1522627337
2018-05-1409:39:00 139.598114682 448.570141341 296.619673618 398.250236445 37.0522392041
2018-05-1418:09:00 136.224330831 435.955816636 289.832455496 384.734838355 36.7913507747
2018-05-1509:39:00 141.57198103 445.226653038 302.758709898 400.877071071 38.489522957
2018-05-1618:09:00 135.250485857 425.788984376 292.327193694 392.098400011 37.4624779357
2018-05-1709:39:00 139.82401868 433.126503537 302.617226112 402.763426047 38.4884141209
2018-05-1718:09:00 136.443137483 424.348502242 297.56323323 396.828698058 38.1959636577
2018-05-1809:39:00 138.866877899 433.622676906 303.203356628 409.757462352 37.9825805304
2018-05-1818:09:00 137.616472029 431.467256713 299.421741298 401.663425193 37.8327719739
2018-05-1909:00:01 136.989462346 429.676512973 298.111568143 398.15293713 37.6571318116
2018-05-1918:09:00 135.529817622 420.616800034 295.303282027 393.143556418 36.9985239618
2018-05-2009:39:00 139.720982001 427.23461709 304.83563331 405.426828174 39.7371515873
2018-05-2018:09:00 135.491702185 401.6248516 297.2226469 392.934747354 38.2661749265
2018-05-2108:39:00 138.538618606 404.577621861 301.767136641 401.617489559 38.9204812832
2018-05-2117:39:00 136.271800317 393.413366018 296.465171756 397.918250198 38.8270005101
2018-05-2208:03:00 136.610254598 413.675230568 300.379326817 401.6928744 40.3212122997
2018-05-2217:39:00 131.159030372 378.725086177 290.055516147 388.540228208 38.8391123399
2018-05-2308:39:00 139.41739561 375.973018746 306.244247792 406.741155577 39.3534085968
2018-05-2508:39:00 125.531269788 356.921896496 273.890318366 363.833512285 40.9221074973
2018-05-2608:39:00 127.334621526 349.70710856 279.779509393 375.27192204 41.4746182029
2018-05-2708:03:00 132.421597116 384.346552048 293.880689846 386.187269772 34.6716823374
2018-05-2808:09:00 134.840502813 354.13859363 295.723807016 391.446101939 34.9695096443
2018-05-2817:39:00 126.571246816 343.054633794 274.866424144 368.12792582 31.9784216505
2018-05-2908:09:00 135.01561249 402.425895349 292.849226973 389.707578436 34.0734645955
2018-05-2917:39:00 132.20777928 400.647283838 284.150515869 378.367859276 32.0390929934
2018-05-3008:17:00 141.93452393 437.527329551 308.117214132 404.380835668 34.0508763406
2018-05-3017:39:00 129.429056072 403.198749852 280.650118433 371.854410551 31.9204717764
2018-05-3108:09:00 132.742412154 414.333075624 289.532844377 384.013600622 30.8701100126
2018-05-3116:39:00 125.503937959 407.964366775 275.329156107 363.075788869 30.1258359937
2018-06-0108:03:00 127.567819514 430.690130768 277.192913918 366.339737943 29.5689957505
2018-06-0115:39:00 129.651264503 439.174800192 281.99203146 374.295311373 29.3694556642
2018-06-0316:39:00 130.640055534 369.377573387 279.932548094 379.982288505 30.476748488
2018-06-0407:12:00 130.322774213 344.092848621 274.024605517 379.151603971 29.226439537
2018-06-0416:39:00 127.219890047 378.066890069 268.066290889 370.156091314 28.5359727459
2018-06-0507:09:00 134.92547996 455.600463715 283.288872334 389.597092488 30.4726466323
2018-06-0516:39:00 130.086763239 443.728256215 275.324486836 374.409612246 29.9033047941
2018-06-0616:39:00 132.742193737 367.728925194 283.152144958 381.084911262 30.4531968293
2018-06-0707:09:00 135.005431288 403.525828901 287.58016088 389.314355514 31.2236345946
2018-06-0807:12:00 140.263429703 494.132688871 302.199942191 406.974138883 32.5746914419
2018-06-0816:39:00 143.885517576 496.250461878 305.481278696 410.068222515 33.1880388766
2018-06-0907:09:00 149.160722413 501.190051061 319.170118488 430.818806008 34.4961394635
2018-06-0916:39:00 143.681520426 470.035203707 307.18345858 417.106020222 34.376717478
2018-06-1007:09:00 145.730213367 452.955288129 315.343536152 431.945958528 34.9639780493
2018-06-1016:39:00 138.227550725 416.891718364 303.360091427 413.886564704 34.386197727
2018-06-1107:09:00 146.70795495 464.769472418 314.353909374 432.119518196 36.5373560334
2018-06-1120:09:00 146.299667938 465.406414174 309.391939942 427.91369426 36.0226448293
2018-06-1207:09:00 145.043542193 449.788486639 306.027518507 417.429649962 37.1787763491
2018-06-1316:39:00 142.236149372 449.152820693 307.406214011 407.117556117 37.9859775865
2018-06-1407:09:00 145.305446429 448.208632387 317.620928334 414.199413584 37.6665038281
2018-06-1416:39:00 144.288765814 437.719873375 314.66618212 412.722430249 36.2514947283
2018-06-1507:09:00 146.070990404 445.607618392 320.292785723 418.727783383 38.0295124136
2018-06-1520:09:00 142.976863943 455.358615964 315.926398283 408.605173134 36.1039345833
2018-06-1607:09:00 142.776305592 455.961571723 315.117795362 408.506490483 35.9210729207
2018-06-1616:39:00 140.495862077 445.799699286 312.008517913 406.226471948 34.940487866
2018-06-1716:39:00 140.953863231 395.368600321 310.717614461 407.660223676 33.0929014655
2018-06-1806:39:00 142.769919837 413.047091892 313.227933594 416.504166087 34.1333542347
2018-06-1819:54:00 142.175024786 441.388403284 307.096125535 409.448624874 33.918737167
2018-06-1906:39:00 145.855445807 471.041938678 313.362540738 414.732200865 32.9683873727
2018-06-2016:39:00 144.864292766 459.255983376 312.526121423 418.199284083 34.2000076793
2018-06-2106:39:00 143.886698713 469.262173691 313.280945618 416.793636738 33.7562200531
2018-06-2119:54:00 141.106015042 477.112912101 307.894284712 409.329357174 32.9287603884
2018-06-2206:39:00 143.427913801 493.89804836 313.953182215 417.131240798 33.4967452249
2018-06-2719:09:00 145.633814283 438.132195402 324.26388536 432.190500937 35.7178808461
2018-06-2806:39:00 146.510860822 458.106991529 327.053477227 434.147398867 36.4049149045
2018-06-2816:09:00 146.655030645 478.980422061 324.220116636 430.942984782 36.8915956961
2018-06-2906:09:00 146.791600162 489.218649637 326.805846473 427.588715244 36.0824380013
2018-06-2916:09:00 142.800628407 474.440662691 317.844560508 412.292107954 35.5017817569
2018-06-3006:09:00 142.910681632 482.323799499 320.91157348 416.310037127 35.5520490004
2018-06-3016:09:00 140.464560609 464.421765861 315.217582086 410.741141084 34.3692514719
2018-07-0106:09:00 141.090380062 470.826211743 321.576370368 420.267896959 34.022565794
2018-07-0119:09:00 144.134780063 478.81530086 325.706486815 430.549893711 34.3507584901
2018-07-0206:09:00 139.285024706 451.985069648 313.55988452 413.958828036 34.8780263906
2018-07-0216:09:00 129.009384731 419.74116323 290.605202858 381.747149254 31.5704922484
2018-07-0306:09:00 137.819372651 454.391009629 305.029408995 401.298908989 33.3333040863
2018-07-0416:09:00 100.918992582 346.411370252 224.75393246 296.375975286 24.3089314712
2018-07-0518:39:00 143.876626602 488.999759093 321.944758453 426.064485319 33.3654946928
2018-07-0706:24:00 142.973952054 495.317174299 322.455953719 422.874800172 34.1973921893
2018-07-0715:39:00 143.700896848 500.658367255 324.395652214 423.207873029 34.2029062092
2018-07-0806:09:00 142.541913754 495.991830778 324.971955429 421.680755706 34.8301153416
2018-07-0818:39:00 139.17695002 477.634073957 317.879318885 413.724875602 34.2646461888
2018-07-0906:09:00 140.741361537 481.793697403 317.557319124 417.139690689 34.0545109332
2018-07-0915:09:00 142.152891887 484.692056517 320.347873814 419.170315687 34.2269043481
2018-07-1006:09:00 143.466434542 496.944340693 323.621664656 426.891022257 34.5842106603
2018-07-1015:09:00 140.30566646 489.947052084 318.580110629 416.441259364 32.5411214924
2018-07-1106:09:00 140.412022661 483.781799734 317.796336689 415.474576894 33.2485256665
2018-07-1115:09:00 139.330224421 478.889526345 317.369553368 411.95900935 33.4893658797
2018-07-1217:39:00 143.061369306 500.971194867 323.253421732 423.948001361 34.450295238
2018-07-1306:09:00 142.431149534 490.537603166 324.942942466 423.085924919 34.5309821064
2018-07-1315:09:00 141.03142243 492.359660027 322.485060382 420.038130757 33.5493714411
2018-07-1406:09:00 141.77373838 498.426511048 321.985244307 417.736625503 34.4808825722
2018-07-1415:09:00 139.237559949 494.006256743 318.916762245 414.286512694 33.3855118512
2018-07-1506:09:00 143.590781894 496.221458729 327.799076426 427.933722771 34.4112793903
2018-07-1517:39:00 139.348036952 481.121761281 318.18986718 418.685375918 32.6345409754
